trades 163 (refused by the 1h filter 42) | hedges 59 | 2nd PUT lots 23 (target hit 7) | call re-adds 19
day        trades wins     calls  PUT side extra call  DAY TOTAL    running
2026-08-03      3    2       +10      +776       +311     +1,096     +1,096
2026-08-04      4    1    -5,503      +507         +0     -4,996     -3,900
2026-08-05      6    1    -6,120    -2,578       -650     -9,348    -13,248
2026-08-06      3    1      +262    +3,407         +0     +3,669     -9,580
2026-08-07      9    0    -8,228    +1,937         +0     -6,291    -15,871
2026-08-10      7    1    -3,184        +0         +0     -3,184    -19,055
2026-08-11      3    1   +10,530    -1,658     -3,991     +4,881    -14,174
2026-08-12      3    0    -2,446      -183         +0     -2,629    -16,803
2026-08-13      6    1      +224    -6,642       -531     -6,950    -23,753
2026-08-14      3    1    -5,574      -130         +0     -5,704    -29,457
2026-08-17      2    0    -2,008      +333         +0     -1,675    -31,132
2026-08-18      4    2   +19,349    -2,007    +17,285    +34,628     +3,496
2026-08-19      2    0    -2,433       +61         +0     -2,372     +1,124
2026-08-20      6    0    -8,558      -634       -684     -9,876     -8,752
2026-08-21      2    1      +410        +0         +0       +410     -8,341
2026-08-24      1    0    -5,149      -377         +0     -5,526    -13,867
2026-08-25      6    4   +59,626    -2,345    +10,601    +67,882    +54,015
2026-08-26      9    3    +2,447    +4,613         +0     +7,060    +61,075
2026-08-27      5    2    -2,861        -5     +2,863         -3    +61,072
2026-08-28      3    2      +493      +512         +0     +1,005    +62,077
2026-08-31      5    1    -1,637      +425         +0     -1,212    +60,865
2026-09-01      2    0   -12,597    +2,031         +0    -10,566    +50,299
2026-09-02      4    3   +13,619    -1,649     +1,428    +13,398    +63,697
2026-09-03      2    0    -2,198    -1,907         +0     -4,105    +59,592
2026-09-04      5    1    +4,206      -912         +0     +3,294    +62,886
2026-09-07      4    2   +15,270      +728         +0    +15,998    +78,885
2026-09-08      6    4   +21,191      -650     +1,284    +21,825   +100,709
2026-09-09      2    0    -1,278        +0         +0     -1,278    +99,431
2026-09-10      2    1    -5,177      +934     -2,770     -7,013    +92,419
2026-09-11      7    1    -8,330    +1,109         +0     -7,221    +85,198
2026-09-15      1    0    -5,029    +1,412         +0     -3,617    +81,581
2026-09-16      4    3   +13,377    +1,988     +4,942    +20,307   +101,888
2026-09-17      4    2    +5,683    -2,661    +10,076    +13,097   +114,985
2026-09-18      6    2    +8,468      +968         +0     +9,436   +124,421
2026-09-21      5    2    +7,487        +0         +0     +7,487   +131,908
2026-09-22      4    1    -5,020      +723         +0     -4,296   +127,612
2026-09-23      4    1    -1,028    -3,931    +10,591     +5,632   +133,244
2026-09-24      2    0      -487        +0         +0       -487   +132,757
2026-09-25      3    2    +6,239        +0         +0     +6,239   +138,995
2026-09-28      2    1    -7,794    +8,172         +0       +379   +139,374
2026-09-29      2    1    +8,692        +0         +0     +8,692   +148,067
TOTAL         163   51   +94,944    +2,367    +50,755   +148,066
August +62,077 | September +85,989 | max drawdown -32,228 | worst day -10,566 | best day +67,882 | green days 20/41
